     45455.000000         0.008080        46.563067         0.000000        -0.179576        -0.000398        -0.068556        -0.000390         0.047110         0.000282        -0.027477        -0.000150         0.017392         0.000064        -0.011294        -0.000062         0.007835         0.000054        -0.005563        -0.000068         0.004129         0.000058        -0.003117        -0.000040         0.002426         0.000035        -0.001912        -0.000025         0.001542         0.000028        -0.001255        -0.000030         0.001039         0.000027        -0.000866        -0.000021         0.000733         0.000016
         0.008080     51813.000000         0.000000      -909.341038        -0.025212       -69.708955         0.007184       -47.913602         0.002970        -9.428547         0.001113       -10.701345        -0.000446        -2.839471        -0.000095        -3.936473        -0.000364        -1.203070         0.000115        -1.859998        -0.000058        -0.617725         0.000062        -1.020498        -0.000034        -0.357771         0.000037        -0.618905        -0.000052        -0.225626         0.000050        -0.403145        -0.000009        -0.151160         0.000034        -0.277167        -0.000037        -0.106184
        46.563067         0.000000     45455.000000         0.013964        46.687402        -0.023200        -0.179101         0.000656        -0.068670        -0.000511         0.047139         0.000248        -0.027487        -0.000116         0.017399         0.000089        -0.011297        -0.000082         0.007836         0.000092        -0.005564        -0.000080         0.004129         0.000051        -0.003117        -0.000045         0.002426         0.000031        -0.001912        -0.000035         0.001542         0.000036        -0.001255        -0.000032         0.001039         0.000025        -0.000867        -0.000019
         0.000000      -909.341038         0.013964     51813.000000        -0.245997      -909.185684         0.034651       -69.883040         0.008368       -47.909328         0.002658        -9.445208        -0.000039       -10.706089        -0.001043        -2.839906        -0.000047        -3.937647        -0.000154        -1.206839         0.000140        -1.859991        -0.000074        -0.618642         0.000072        -1.020657        -0.000041        -0.358384         0.000039        -0.619093        -0.000018        -0.225768         0.000054        -0.403268        -0.000012        -0.151633         0.000016        -0.277144
        -0.179576        -0.025212        46.687402        -0.245997     45455.000000        -0.052316        46.672080         0.070083        -0.179602         0.002295        -0.068593        -0.000169         0.047116        -0.000148        -0.027483        -0.000102         0.017395        -0.000043        -0.011293        -0.000118         0.007836         0.000026        -0.005564        -0.000063         0.004129         0.000012        -0.003117        -0.000037         0.002426         0.000014        -0.001912        -0.000044         0.001542         0.000020        -0.001255        -0.000029         0.001039         0.000010
        -0.000398       -69.708955        -0.023200      -909.185684        -0.052316     51813.000000         0.495610      -909.633026         0.045581       -69.722407         0.006379       -47.902322        -0.001380        -9.443400        -0.000574       -10.701524        -0.000853        -2.837803         0.000194        -3.938204        -0.000075        -1.204021         0.000089        -1.859685        -0.000039        -0.617659         0.000048        -1.020499        -0.000073        -0.358143         0.000070        -0.618905        -0.000007        -0.225612         0.000045        -0.403308        -0.000049        -0.151194
        -0.068556         0.007184        -0.179101         0.034651        46.672080         0.495610     45455.000000        -0.221182        46.666762        -0.039811        -0.179300        -0.004449        -0.068594         0.000259         0.047121         0.000371        -0.027482         0.000083         0.017393         0.000331        -0.011294        -0.000027         0.007836         0.000174        -0.005564        -0.000010         0.004129         0.000100        -0.003117        -0.000014         0.002426         0.000087        -0.001912        -0.000022         0.001542         0.000057        -0.001255        -0.000010
        -0.000390       -47.913602         0.000656       -69.883040         0.070083      -909.633026        -0.221182     51813.000000         0.449707      -909.292034         0.051031       -69.722235        -0.003653       -47.914957        -0.003184        -9.430904        -0.000716       -10.702468        -0.000128        -2.842570         0.000160        -3.937328        -0.000049        -1.204142         0.000069        -1.859596        -0.000024        -0.617871         0.000030        -1.020604        -0.000002        -0.357886         0.000064        -0.618972        -0.000001        -0.226015         0.000011        -0.403193
         0.047110         0.002970        -0.068670         0.008368        -0.179602         0.045581        46.666762         0.449707     45455.000000        -0.134364        46.592266        -0.039728        -0.179594        -0.005502        -0.068562         0.000094         0.047105         0.000404        -0.027472        -0.000038         0.017391         0.000357        -0.011293        -0.000008         0.007835         0.000184        -0.005563        -0.000002         0.004129         0.000118        -0.003117        -0.000031         0.002426         0.000091        -0.001912        -0.000019         0.001542         0.000054
         0.000282        -9.428547        -0.000511       -47.909328         0.002295       -69.722407        -0.039811      -909.292034        -0.134364     51813.000000         0.449481      -909.130874        -0.008764       -69.732945        -0.006285       -47.895287        -0.002875        -9.427211         0.000290       -10.704693        -0.000029        -2.836944         0.000111        -3.936873        -0.000022        -1.202635         0.000053        -1.859384        -0.000104        -0.617657         0.000100        -1.020340         0.000005        -0.357753         0.000059        -0.619062        -0.000066        -0.225433
        -0.027477         0.001113         0.047139         0.002658        -0.068593         0.006379        -0.179300         0.051031        46.592266         0.449481     45455.000000        -0.107281        46.627422        -0.094111        -0.179813        -0.005169        -0.068565        -0.000026         0.047106         0.000619        -0.027477        -0.000098         0.017393         0.000331        -0.011295        -0.000027         0.007835         0.000174        -0.005563        -0.000028         0.004129         0.000140        -0.003117        -0.000037         0.002426         0.000087        -0.001912        -0.000016
        -0.000150       -10.701345         0.000248        -9.445208        -0.000169       -47.902322        -0.004449       -69.722235        -0.039728      -909.130874        -0.107281     51813.000000        -0.253504      -909.609428        -0.042411       -69.657702        -0.005111       -47.906582        -0.000525        -9.442759         0.000510       -10.702975        -0.000129        -2.837146         0.000160        -3.936899        -0.000050        -1.202954         0.000057        -1.859647        -0.000002        -0.617160         0.000110        -1.020480        -0.000002        -0.358354         0.000017        -0.618893
         0.017392        -0.000446        -0.027487        -0.000039         0.047116        -0.001380        -0.068594        -0.003653        -0.179594        -0.008764        46.627422        -0.253504     45455.000000         0.170251        46.710028        -0.007623        -0.179326         0.001571        -0.068615        -0.000737         0.047127         0.000223        -0.027484        -0.000283         0.017397         0.000056        -0.011295        -0.000127         0.007836         0.000045        -0.005564        -0.000121         0.004129         0.000052        -0.003117        -0.000071         0.002426         0.000022
         0.000064        -2.839471        -0.000116       -10.706089        -0.000148        -9.443400         0.000259       -47.914957        -0.005502       -69.732945        -0.094111      -909.609428         0.170251     51813.000000        -0.454709      -909.212131        -0.047913       -69.770393         0.003487       -47.922578        -0.000742        -9.443142         0.000650       -10.703561        -0.000216        -2.839246         0.000218        -3.937208        -0.000277        -1.204921         0.000233        -1.859578        -0.000017        -0.618151         0.000122        -1.020872        -0.000123        -0.358140
        -0.011294        -0.000095         0.017399        -0.001043        -0.027483        -0.000574         0.047121        -0.003184        -0.068562        -0.006285        -0.179813        -0.042411        46.710028        -0.454709     45455.000000         0.048287        46.629104         0.031265        -0.179687         0.004604        -0.068531        -0.000636         0.047099        -0.000114        -0.027476        -0.000271         0.017391        -0.000115        -0.011292        -0.000161         0.007835         0.000006        -0.005563        -0.000124         0.004128        -0.000000        -0.003116        -0.000062
        -0.000062        -3.936473         0.000089        -2.839906        -0.000102       -10.701524         0.000371        -9.430904         0.000094       -47.895287        -0.005169       -69.657702        -0.007623      -909.212131         0.048287     51813.000000        -0.417673      -909.336505        -0.010610       -69.733969         0.003862       -47.903534        -0.000734        -9.426586         0.000595       -10.701224        -0.000176        -2.834861         0.000151        -3.936845        -0.000017        -1.201826         0.000223        -1.859388        -0.000009        -0.618097         0.000034        -1.020333
         0.007835        -0.000364        -0.011297        -0.000047         0.017395        -0.000853        -0.027482        -0.000716         0.047105        -0.002875        -0.068565        -0.005111        -0.179326        -0.047913        46.629104        -0.417673     45455.000000         0.138504        46.563012         0.062578        -0.179575         0.003876        -0.068564        -0.000516         0.047110        -0.000081        -0.027477        -0.000242         0.017392        -0.000051        -0.011294        -0.000219         0.007835         0.000016        -0.005563        -0.000116         0.004129        -0.000009
         0.000054        -1.203070        -0.000082        -3.937647        -0.000043        -2.837803         0.000083       -10.702468         0.000404        -9.427211        -0.000026       -47.906582         0.001571       -69.770393         0.031265      -909.336505         0.138504     51813.000000         0.041897      -909.340779        -0.002250       -69.708978         0.002685       -47.904305        -0.000423        -9.428559         0.000484       -10.701346        -0.000620        -2.837915         0.000471        -3.936469         0.000011        -1.203069         0.000207        -1.859997        -0.000202        -0.617381
        -0.005563         0.000115         0.007836        -0.000154        -0.011293         0.000194         0.017393        -0.000128        -0.027472         0.000290         0.047106        -0.000525        -0.068615         0.003487        -0.179687        -0.010610        46.563012         0.041897     45455.000000        -0.167616        46.687519        -0.008504        -0.179080        -0.000507        -0.068670         0.000027         0.047139         0.000046        -0.027487        -0.000072         0.017399         0.000178        -0.011297        -0.000106         0.007836         0.000088        -0.005564        -0.000036
        -0.000068        -1.859998         0.000092        -1.206839        -0.000118        -3.938204         0.000331        -2.842570        -0.000038       -10.704693         0.000619        -9.442759        -0.000737       -47.922578         0.004604       -69.733969         0.062578      -909.340779        -0.167616     51813.000000         0.032906      -909.185307         0.005811       -69.839926         0.000463       -47.909337         0.000430        -9.445211        -0.000079       -10.704403         0.000243        -2.839900         0.000356        -3.937644         0.000088        -1.206836        -0.000008        -1.859755
         0.004129        -0.000058        -0.005564         0.000140         0.007836        -0.000075        -0.011294         0.000160         0.017391        -0.000029        -0.027477         0.000510         0.047127        -0.000742        -0.068531         0.003862        -0.179575        -0.002250        46.687519         0.032906     45455.000000         0.007752        46.658889        -0.008422        -0.179602        -0.000505        -0.068593         0.000027         0.047116         0.000169        -0.027483        -0.000223         0.017395         0.000191        -0.011293        -0.000097         0.007836         0.000069
         0.000058        -0.617725        -0.000080        -1.859991         0.000026        -1.204021        -0.000027        -3.937328         0.000357        -2.836944        -0.000098       -10.702975         0.000223        -9.443142        -0.000636       -47.903534         0.003876       -69.708978        -0.008504      -909.185307         0.007752     51813.000000         0.033220      -909.361812         0.005751       -69.722436         0.000462       -47.902324        -0.001583        -9.438335         0.001033       -10.701516         0.000291        -2.837796         0.000332        -3.938203        -0.000325        -1.203354
        -0.003117         0.000062         0.004129        -0.000074        -0.005564         0.000089         0.007836        -0.000049        -0.011293         0.000111         0.017393        -0.000129        -0.027484         0.000650         0.047099        -0.000734        -0.068564         0.002685        -0.179080         0.005811        46.658889         0.033220     45455.000000         0.002881        46.684226        -0.008528        -0.179531        -0.000507        -0.068571        -0.000257         0.047115         0.000416        -0.027480        -0.000252         0.017392         0.000178        -0.011294        -0.000075
        -0.000040        -1.020498         0.000051        -0.618642        -0.000063        -1.859685         0.000174        -1.204142        -0.000008        -3.936873         0.000331        -2.837146        -0.000283       -10.703561        -0.000114        -9.426586        -0.000516       -47.904305        -0.000507       -69.839926        -0.008422      -909.361812         0.002881     51813.000000         0.032432      -909.438341         0.005731       -69.699016        -0.000970       -47.907026         0.001067        -9.427180         0.001142       -10.702395         0.000244        -2.841384        -0.000025        -3.936691
         0.002426        -0.000034        -0.003117         0.000072         0.004129        -0.000039        -0.005564         0.000069         0.007835        -0.000022        -0.011295         0.000160         0.017397        -0.000216        -0.027476         0.000595         0.047110        -0.000423        -0.068670         0.000463        -0.179602         0.005751        46.684226         0.032432     45455.000000         0.011960        46.592270        -0.008401        -0.179532        -0.000898        -0.068561        -0.000647         0.047105         0.000450        -0.027472        -0.000223         0.017391         0.000142
         0.000035        -0.357771        -0.000045        -1.020657         0.000012        -0.617659        -0.000010        -1.859596         0.000184        -1.202635        -0.000027        -3.936899         0.000056        -2.839246        -0.000271       -10.701224        -0.000081        -9.428559         0.000027       -47.909337        -0.000505       -69.722436        -0.008528      -909.438341         0.011960     51813.000000         0.032381      -909.130767        -0.019399       -69.699461         0.006199       -47.895253         0.001376        -9.427199         0.001036       -10.704688        -0.000840        -2.835391
        -0.001912         0.000037         0.002426        -0.000041        -0.003117         0.000048         0.004129        -0.000024        -0.005563         0.000053         0.007835        -0.000050        -0.011295         0.000218         0.017391        -0.000176        -0.027477         0.000484         0.047139         0.000430        -0.068593         0.000462        -0.179531         0.005731        46.592270         0.032381     45455.000000         0.024602        46.615497        -0.031478        -0.179814        -0.000242        -0.068565        -0.000768         0.047106         0.000416        -0.027478        -0.000189
        -0.000025        -0.618905         0.000031        -0.358384        -0.000037        -1.020499         0.000100        -0.617871        -0.000002        -1.859384         0.000174        -1.202954        -0.000127        -3.937208        -0.000115        -2.834861        -0.000242       -10.701346         0.000046        -9.445211         0.000027       -47.902324        -0.000507       -69.699016        -0.008401      -909.130767         0.024602     51813.000000        -0.211673      -909.439465         0.015117       -69.657661         0.007375       -47.906539         0.001075        -9.442754        -0.000120       -10.701294
         0.001542        -0.000052        -0.001912         0.000039         0.002426        -0.000073        -0.003117         0.000030         0.004129        -0.000104        -0.005563         0.000057         0.007836        -0.000277        -0.011292         0.000151         0.017392        -0.000620        -0.027487        -0.000079         0.047116        -0.001583        -0.068571        -0.000970        -0.179532        -0.019399        46.615497        -0.211673     45455.000000        -0.026357        46.721280         0.038225        -0.179642         0.001388        -0.068576        -0.000426         0.047117         0.000020
         0.000028        -0.225626        -0.000035        -0.619093         0.000014        -0.358143        -0.000014        -1.020604         0.000118        -0.617657        -0.000028        -1.859647         0.000045        -1.204921        -0.000161        -3.936845        -0.000051        -2.837915        -0.000072       -10.704403         0.000169        -9.438335        -0.000257       -47.907026        -0.000898       -69.699461        -0.031478      -909.439465        -0.026357     51813.000000         0.282241      -909.481946         0.026063       -69.722469         0.005409       -47.924812        -0.002971        -9.432242
        -0.001255         0.000050         0.001542        -0.000018        -0.001912         0.000070         0.002426        -0.000002        -0.003117         0.000100         0.004129        -0.000002        -0.005564         0.000233         0.007835        -0.000017        -0.011294         0.000471         0.017399         0.000243        -0.027483         0.001033         0.047115         0.001067        -0.068561         0.006199        -0.179814         0.015117        46.721280         0.282241     45455.000000        -0.238923        46.629121        -0.032541        -0.179687        -0.002975        -0.068534         0.000222
        -0.000030        -0.403145         0.000036        -0.225768        -0.000044        -0.618905         0.000087        -0.357886        -0.000031        -1.020340         0.000140        -0.617160        -0.000121        -1.859578         0.000006        -1.201826        -0.000219        -3.936469         0.000178        -2.839900        -0.000223       -10.701516         0.000416        -9.427180        -0.000647       -47.895253        -0.000242       -69.657661         0.038225      -909.481946        -0.238923     51813.000000         0.273088      -909.335833         0.034214       -69.733650        -0.005443       -47.894153
         0.001039        -0.000009        -0.001255         0.000054         0.001542        -0.000007        -0.001912         0.000064         0.002426         0.000005        -0.003117         0.000110         0.004129        -0.000017        -0.005563         0.000223         0.007835         0.000011        -0.011297         0.000356         0.017395         0.000291        -0.027480         0.001142         0.047105         0.001376        -0.068565         0.007375        -0.179642         0.026063        46.629121         0.273088     45455.000000        -0.054173        46.563092        -0.032304        -0.179513        -0.004023
         0.000027        -0.151160        -0.000032        -0.403268         0.000020        -0.225612        -0.000022        -0.618972         0.000091        -0.357753        -0.000037        -1.020480         0.000052        -0.618151        -0.000124        -1.859388         0.000016        -1.203069        -0.000106        -3.937644         0.000191        -2.837796        -0.000252       -10.702395         0.000450        -9.427199        -0.000768       -47.906539         0.001388       -69.722469        -0.032541      -909.335833        -0.054173     51813.000000         0.274679      -909.339921        -0.025695       -69.675284
        -0.000866         0.000034         0.001039        -0.000012        -0.001255         0.000045         0.001542        -0.000001        -0.001912         0.000059         0.002426        -0.000002        -0.003117         0.000122         0.004128        -0.000009        -0.005563         0.000207         0.007836         0.000088        -0.011293         0.000332         0.017392         0.000244        -0.027472         0.001036         0.047106         0.001075        -0.068576         0.005409        -0.179687         0.034214        46.563092         0.274679     45455.000000        -0.045761        46.674741        -0.086919
        -0.000021        -0.277167         0.000025        -0.151633        -0.000029        -0.403308         0.000057        -0.226015        -0.000019        -0.619062         0.000087        -0.358354        -0.000071        -1.020872        -0.000000        -0.618097        -0.000116        -1.859997         0.000088        -1.206836        -0.000097        -3.938203         0.000178        -2.841384        -0.000223       -10.704688         0.000416        -9.442754        -0.000426       -47.924812        -0.002975       -69.733650        -0.032304      -909.339921        -0.045761     51813.000000        -0.430686      -909.015111
         0.000733        -0.000037        -0.000867         0.000016         0.001039        -0.000049        -0.001255         0.000011         0.001542        -0.000066        -0.001912         0.000017         0.002426        -0.000123        -0.003116         0.000034         0.004129        -0.000202        -0.005564        -0.000008         0.007836        -0.000325        -0.011294        -0.000025         0.017391        -0.000840        -0.027478        -0.000120         0.047117        -0.002971        -0.068534        -0.005443        -0.179513        -0.025695        46.674741        -0.430686     45455.000000         0.234924
         0.000016        -0.106184        -0.000019        -0.277144         0.000010        -0.151194        -0.000010        -0.403193         0.000054        -0.225433        -0.000016        -0.618893         0.000022        -0.358140        -0.000062        -1.020333        -0.000009        -0.617381        -0.000036        -1.859755         0.000069        -1.203354        -0.000075        -3.936691         0.000142        -2.835391        -0.000189       -10.701294         0.000020        -9.432242         0.000222       -47.894153        -0.004023       -69.675284        -0.086919      -909.015111         0.234924     51813.000000
